                uint                                     float
1  00000000000000000000000000000001 -> 0.1    (1/2)   0 01111110 00000000000000000000000 (1.0E-1)
2  00000000000000000000000000000010 -> 0.01   (1/4)   0 01111101 00000000000000000000000 (1.0E-2)
3  00000000000000000000000000000011 -> 0.11   (3/4)   0 01111110 10000000000000000000000 (1.1E-1)
4  00000000000000000000000000000100 -> 0.001  (1/8)   0 01111100 00000000000000000000000 (1.0E-3)
5  00000000000000000000000000000101 -> 0.101  (5/8)   0 01111101 01000000000000000000000 (1.01E-2)
6  00000000000000000000000000000110 -> 0.011  (3/8)   0 01111101 10000000000000000000000 (1.1E-2)
7  00000000000000000000000000000111 -> 0.111  (7/8)   0 01111110 11000000000000000000000 (1.11E-1)
8  00000000000000000000000000001000 -> 0.0001 (1/16)  0 01111011 00000000000000000000000 (1.0E-4)
9  00000000000000000000000000001001 -> 0.1001 (9/16)  0 01111110 00100000000000000000000 (1.001E-1)
10 00000000000000000000000000001010 -> 0.0101 (5/16)  0 01111101 01000000000000000000000 (1.01E-2)
11 00000000000000000000000000001011 -> 0.1101 (14/16) 0 01111110 10100000000000000000000 (1.101E-1)
12 00000000000000000000000000001100 -> 0.0011 (3/16)  0 01111100 10000000000000000000000 (1.1E-3)
13 00000000000000000000000000001101 -> 0.1011 (11/16) 0 01111110 01100000000000000000000 (1.011E-1)
14 00000000000000000000000000001110 -> 0.0111 (7/16)  0 01111101 11000000000000000000000 (1.11E-2)
15 00000000000000000000000000001111 -> 0.1111 (15/16) 0 01111110 11100000000000000000000 (1.111E-1)